array([[-0.158,  0.456, -1.   , ...,  0.703,  0.84 , -0.441],
       [-0.813, -0.535, -0.371, ...,  0.348, -0.348,  0.641],
       [-0.35 ,  0.798,  0.502, ...,  0.29 , -0.031,  1.015],
       ..., 
       [ 0.856,  0.945,  0.213, ..., -0.231, -0.87 ,  0.623],
       [ 0.259,  0.536, -0.205, ...,  0.798,  0.305, -0.186],
       [-0.737,  0.875,  0.215, ..., -0.014, -0.782, -0.259]])array([[ -2.898e-01],
       [  4.873e-01],
       [  3.704e-01],
       [ -2.934e-01],
       [ -8.218e-01],
       [ -5.360e-01],
       [  4.286e-01],
       [ -8.947e-01],
       [ -2.160e-01],
       [ -6.769e-01],
       [ -6.104e-01],
       [  3.923e-01],
       [  6.750e-01],
       [  2.103e-01],
       [  5.092e-01],
       [ -2.158e-01],
       [ -1.312e+00],
       [  1.175e-02],
       [ -4.515e-01],
       [ -3.415e-01],
       [  9.336e-01],
       [  1.380e-01],
       [ -9.060e-01],
       [  4.851e-01],
       [ -1.565e-01],
       [  9.686e-02],
       [  1.417e+00],
       [  4.833e-01],
       [ -9.728e-01],
       [ -5.894e-01],
       [ -6.666e-01],
       [ -8.831e-01],
       [ -5.888e-01],
       [ -9.111e-01],
       [ -6.587e-01],
       [ -1.445e-01],
       [ -3.328e-01],
       [  9.904e-01],
       [ -2.624e-01],
       [ -1.453e-01],
       [ -7.111e-01],
       [  1.782e-01],
       [ -1.891e-01],
       [  3.133e-01],
       [ -1.120e-01],
       [ -2.113e-01],
       [  1.283e+00],
       [ -3.534e-01],
       [ -4.554e-01],
       [ -6.087e-01],
       [ -7.415e-01],
       [ -3.743e-01],
       [  8.086e-01],
       [ -2.148e-01],
       [  1.385e+00],
       [  5.214e-01],
       [ -9.232e-01],
       [  5.705e-01],
       [  8.587e-01],
       [ -1.305e-01],
       [  6.491e-01],
       [  1.719e+00],
       [  2.451e-02],
       [ -8.528e-01],
       [ -2.164e-01],
       [ -6.068e-02],
       [  7.113e-02],
       [  1.548e-01],
       [  1.031e-02],
       [ -9.297e-01],
       [ -6.665e-02],
       [  2.778e-01],
       [ -1.264e+00],
       [ -9.973e-01],
       [ -1.362e-02],
       [ -1.128e+00],
       [ -1.948e-01],
       [  4.726e-02],
       [ -5.869e-01],
       [ -4.752e-01],
       [ -6.244e-01],
       [ -8.591e-01],
       [ -7.899e-02],
       [ -2.840e-01],
       [ -5.890e-01],
       [  2.666e-01],
       [ -4.662e-01],
       [ -2.840e-01],
       [  5.205e-01],
       [ -3.601e-01],
       [ -4.471e-01],
       [  1.256e-01],
       [  1.187e-01],
       [ -7.547e-01],
       [  1.420e-01],
       [  2.479e-01],
       [ -1.031e+00],
       [ -5.581e-01],
       [  4.046e-01],
       [ -9.083e-01],
       [  3.480e-01],
       [ -7.971e-01],
       [ -8.393e-01],
       [ -5.251e-01],
       [ -9.540e-01],
       [ -6.633e-01],
       [ -1.084e+00],
       [  1.550e-01],
       [ -1.081e+00],
       [  2.129e-01],
       [ -3.873e-01],
       [ -3.802e-01],
       [ -5.623e-02],
       [ -3.432e-01],
       [  4.913e-01],
       [  2.990e-01],
       [  2.558e-01],
       [ -3.560e-01],
       [ -6.181e-02],
       [ -4.333e-01],
       [ -2.591e-01],
       [  8.142e-01],
       [  4.348e-01],
       [ -4.254e-01],
       [  7.336e-01],
       [  2.396e-01],
       [  2.476e-01],
       [ -1.162e+00],
       [  6.510e-01],
       [  3.571e-01],
       [ -1.354e-01],
       [ -1.100e+00],
       [ -1.413e+00],
       [ -2.075e-01],
       [  5.287e-01],
       [ -8.514e-01],
       [ -5.196e-01],
       [  8.017e-01],
       [ -5.979e-01],
       [ -2.868e-01],
       [  6.025e-01],
       [ -6.749e-01],
       [ -8.048e-01],
       [  1.170e+00],
       [ -4.708e-02],
       [ -3.196e-01],
       [  7.348e-01],
       [  4.072e-01],
       [  8.175e-01],
       [  1.365e+00],
       [  4.566e-01],
       [  6.108e-01],
       [  7.350e-01],
       [ -4.519e-01],
       [  7.973e-01],
       [  1.446e-01],
       [  5.462e-01],
       [  5.627e-01],
       [  6.925e-03],
       [  3.616e-01],
       [ -8.059e-01],
       [ -4.066e-01],
       [  7.109e-01],
       [  1.371e+00],
       [ -3.763e-01],
       [  5.906e-01],
       [  3.761e-01],
       [ -7.166e-01],
       [  1.861e-01],
       [  3.645e-01],
       [  3.106e-01],
       [  1.940e-01],
       [ -7.758e-02],
       [  7.627e-01],
       [  4.005e-01],
       [ -2.193e-01],
       [ -3.175e-01],
       [  5.144e-01],
       [ -4.955e-01],
       [  4.933e-01],
       [ -1.391e-01],
       [ -2.178e-02],
       [  4.466e-01],
       [ -3.946e-01],
       [  6.040e-02],
       [ -1.340e-01],
       [  4.387e-01],
       [ -5.309e-02],
       [ -1.008e+00],
       [ -2.034e-01],
       [ -1.598e-01],
       [ -4.299e-01],
       [ -8.945e-01],
       [  1.548e+00],
       [ -2.359e-01],
       [  9.704e-01],
       [ -4.694e-02],
       [  5.249e-01],
       [  7.205e-01],
       [ -4.280e-01],
       [  8.271e-01],
       [  7.593e-02],
       [ -1.631e-01],
       [  8.742e-02],
       [  8.679e-01],
       [  1.244e+00],
       [  3.123e-02],
       [  2.477e-01],
       [  1.665e+00],
       [ -2.059e-02],
       [ -5.632e-01],
       [ -7.418e-01],
       [  7.985e-01],
       [  8.250e-01],
       [ -5.649e-01],
       [  3.974e-02],
       [ -1.022e+00],
       [ -1.831e-01],
       [  1.195e+00],
       [ -1.596e-01],
       [  4.520e-01],
       [  2.790e-01],
       [ -3.779e-01],
       [  4.303e-01],
       [ -5.356e-01],
       [  6.526e-01],
       [  4.854e-01],
       [ -9.612e-01],
       [  8.025e-01],
       [ -4.839e-01],
       [ -4.531e-01],
       [ -9.692e-01],
       [  1.613e-01],
       [ -4.915e-01],
       [  7.072e-01],
       [ -2.512e-01],
       [ -1.908e-02],
       [ -1.480e-01],
       [  1.007e+00],
       [ -6.095e-01],
       [ -2.040e-01],
       [  1.332e+00],
       [  6.194e-01],
       [  4.176e-02],
       [  4.902e-01],
       [  1.500e-01],
       [ -4.594e-01],
       [ -8.664e-01],
       [  1.017e+00],
       [  8.647e-01],
       [ -2.116e-01],
       [ -7.300e-01],
       [ -8.237e-01],
       [ -3.691e-01],
       [ -4.346e-01],
       [  6.284e-01],
       [ -4.973e-01],
       [  9.043e-01],
       [ -7.847e-01],
       [ -5.662e-01],
       [  9.923e-01],
       [ -3.998e-01],
       [  4.533e-01],
       [  2.833e-01],
       [ -4.768e-01],
       [  9.179e-01],
       [  9.133e-01],
       [  1.229e+00],
       [ -4.511e-01],
       [  2.872e-01],
       [  4.272e-01],
       [ -7.119e-01],
       [  4.917e-01],
       [  9.614e-02],
       [ -1.476e-02],
       [ -4.389e-01],
       [  3.312e-01],
       [  1.226e+00],
       [  1.655e-01],
       [ -2.634e-01],
       [ -9.848e-01],
       [  1.731e-01],
       [ -5.509e-02],
       [ -2.733e-01],
       [ -1.199e-01],
       [  4.303e-01],
       [  9.425e-01],
       [  4.314e-01],
       [  5.709e-03],
       [  5.662e-01],
       [ -8.990e-02],
       [ -8.707e-01],
       [  1.228e+00],
       [ -4.322e-01],
       [ -1.210e+00],
       [  4.474e-01],
       [  4.952e-01],
       [  1.313e+00],
       [ -7.859e-01],
       [ -1.273e-04],
       [ -2.593e-01],
       [ -1.296e+00],
       [ -1.965e-01],
       [  6.906e-01],
       [ -7.354e-01],
       [ -8.858e-02],
       [ -3.499e-01],
       [ -7.413e-01],
       [ -1.129e+00],
       [  3.658e-01],
       [  2.422e-01],
       [  6.534e-01],
       [  9.118e-01],
       [  1.254e+00],
       [  2.447e-01],
       [ -3.988e-01],
       [  1.130e+00],
       [ -3.249e-01],
       [ -9.140e-01],
       [  3.839e-01],
       [  1.931e-01],
       [  7.719e-01],
       [  4.069e-03],
       [ -1.236e-01],
       [ -8.681e-02],
       [ -8.480e-01],
       [ -3.349e-01],
       [ -4.223e-01],
       [  1.557e-01],
       [  1.206e-01],
       [  2.144e-01],
       [  1.076e+00],
       [  2.480e-01],
       [ -9.538e-01],
       [ -5.506e-01],
       [  3.633e-01],
       [ -3.930e-01],
       [ -1.081e+00],
       [ -2.195e-01],
       [  2.763e-01],
       [ -7.970e-01],
       [  7.229e-01],
       [ -8.616e-01],
       [ -1.175e+00],
       [ -6.530e-01],
       [ -1.084e+00],
       [ -6.662e-01],
       [ -5.199e-01],
       [  1.922e-01],
       [ -9.194e-01],
       [ -6.288e-01],
       [ -8.739e-01],
       [ -1.429e-01],
       [ -4.693e-01],
       [ -1.052e-02],
       [  3.073e-02],
       [ -1.051e+00],
       [ -3.371e-01],
       [ -5.050e-01],
       [ -1.106e+00],
       [ -5.072e-01],
       [  8.942e-01],
       [  2.234e-02],
       [  1.313e+00],
       [  7.545e-01],
       [  3.054e-01],
       [  5.100e-01],
       [  5.165e-01],
       [ -1.919e-01],
       [  8.117e-01],
       [  8.525e-01],
       [ -2.539e-01],
       [  1.359e+00],
       [  2.790e-01],
       [ -9.719e-01],
       [  6.302e-01],
       [ -2.445e-01],
       [ -1.111e+00],
       [ -1.802e-01],
       [ -1.017e+00],
       [  8.747e-02],
       [ -8.208e-01],
       [  8.504e-01],
       [  9.729e-01],
       [ -1.286e+00],
       [  9.118e-02],
       [  6.624e-01],
       [  1.040e+00],
       [ -8.329e-03],
       [ -7.160e-01],
       [  9.902e-01],
       [ -6.887e-01],
       [  1.259e+00],
       [  1.138e+00],
       [ -4.349e-01],
       [ -4.129e-01],
       [  6.275e-01],
       [  9.049e-02],
       [  1.315e-02],
       [  8.905e-02],
       [  7.953e-01],
       [  4.183e-01],
       [ -1.525e-02],
       [  6.442e-01],
       [  7.548e-02],
       [  1.276e-01],
       [ -1.087e+00],
       [ -7.050e-01],
       [ -7.063e-01],
       [ -4.097e-01],
       [ -1.283e+00],
       [ -3.571e-01],
       [ -8.171e-01],
       [  4.777e-02],
       [ -5.651e-01],
       [  1.112e+00],
       [ -3.013e-01],
       [  8.431e-01],
       [ -4.982e-02],
       [  2.108e-01],
       [  3.780e-02],
       [ -6.280e-02],
       [  8.695e-01],
       [  9.639e-01],
       [  7.528e-01],
       [  3.041e-01],
       [ -1.054e+00],
       [ -1.531e-01],
       [  1.592e-01],
       [ -9.502e-01],
       [ -4.748e-01],
       [ -8.716e-01],
       [ -7.187e-01],
       [ -3.023e-01],
       [  6.170e-01],
       [  6.824e-01],
       [ -1.203e+00],
       [  9.888e-01],
       [  8.723e-01],
       [ -5.415e-01],
       [ -6.102e-01],
       [ -4.581e-01],
       [ -1.258e+00],
       [  1.189e-01],
       [  6.271e-01],
       [ -5.964e-01],
       [ -2.049e-01],
       [  7.237e-01],
       [  9.262e-02],
       [  2.579e-01],
       [ -7.774e-02],
       [  4.462e-01],
       [  7.925e-01],
       [  2.032e-01],
       [ -1.114e+00],
       [  2.794e-01],
       [ -1.006e+00],
       [ -1.604e-01],
       [ -2.223e-01],
       [  3.192e-01],
       [ -6.270e-01],
       [ -1.523e-01],
       [  2.618e-01],
       [ -1.046e+00],
       [ -8.847e-01],
       [  4.445e-01],
       [ -6.857e-01],
       [ -5.591e-01],
       [ -9.138e-01],
       [ -7.443e-01],
       [  3.594e-01],
       [ -1.495e+00],
       [ -5.240e-01],
       [ -7.144e-01],
       [  6.249e-01],
       [ -4.373e-01],
       [  4.240e-01],
       [  4.421e-01],
       [  9.702e-01],
       [  5.033e-01],
       [ -4.302e-01],
       [  1.021e-01],
       [  5.225e-01],
       [  5.197e-01],
       [  4.733e-01],
       [  1.219e-01],
       [ -8.011e-01],
       [  1.208e+00],
       [ -4.745e-01],
       [ -9.456e-01],
       [  4.529e-01],
       [  2.890e-01],
       [ -5.584e-01],
       [  1.914e-01],
       [  5.278e-01],
       [  1.945e-01],
       [  7.347e-01],
       [  3.746e-01],
       [ -1.599e-01],
       [  7.273e-02]])